ncolors= 128
# r g b
0.007843 0.000000 0.992157
0.023529 0.000000 0.976471
0.039216 0.000000 0.960784
0.054902 0.000000 0.945098
0.070588 0.000000 0.929412
0.086275 0.000000 0.913725
0.101961 0.000000 0.898039
0.117647 0.000000 0.882353
0.133333 0.000000 0.866667
0.141176 0.000000 0.858824
0.164706 0.000000 0.835294
0.172549 0.000000 0.827451
0.196078 0.000000 0.803922
0.203922 0.000000 0.796078
0.227451 0.000000 0.772549
0.235294 0.000000 0.764706
0.258824 0.000000 0.741176
0.274510 0.000000 0.725490
0.282353 0.000000 0.717647
0.305882 0.000000 0.694118
0.321569 0.000000 0.678431
0.337255 0.000000 0.662745
0.345098 0.000000 0.654902
0.368627 0.000000 0.631373
0.384314 0.000000 0.615686
0.400000 0.000000 0.600000
0.407843 0.000000 0.592157
0.431373 0.000000 0.568627
0.447059 0.000000 0.552941
0.462745 0.000000 0.537255
0.470588 0.000000 0.529412
0.494118 0.000000 0.505882
0.509804 0.000000 0.490196
0.525490 0.000000 0.474510
0.541176 0.000000 0.458824
0.556863 0.000000 0.443137
0.572549 0.000000 0.427451
0.580392 0.000000 0.419608
0.603922 0.000000 0.396078
0.619608 0.000000 0.380392
0.635294 0.000000 0.364706
0.650980 0.000000 0.349020
0.666667 0.000000 0.333333
0.682353 0.000000 0.317647
0.698039 0.000000 0.301961
0.705882 0.000000 0.294118
0.729412 0.000000 0.270588
0.745098 0.000000 0.254902
0.760784 0.000000 0.239216
0.776471 0.000000 0.223529
0.792157 0.000000 0.207843
0.807843 0.000000 0.192157
0.823529 0.000000 0.176471
0.831373 0.000000 0.168627
0.854902 0.000000 0.145098
0.870588 0.000000 0.129412
0.886275 0.000000 0.113725
0.901961 0.000000 0.098039
0.917647 0.000000 0.082353
0.933333 0.000000 0.066667
0.949020 0.000000 0.050980
0.956863 0.000000 0.043137
0.980392 0.000000 0.019608
0.996078 0.000000 0.003922
0.988235 0.011765 0.000000
0.972549 0.027451 0.000000
0.956863 0.043137 0.000000
0.941176 0.058824 0.000000
0.925490 0.074510 0.000000
0.909804 0.090196 0.000000
0.894118 0.105882 0.000000
0.878431 0.121569 0.000000
0.862745 0.137255 0.000000
0.847059 0.152941 0.000000
0.831373 0.168627 0.000000
0.823529 0.176471 0.000000
0.800000 0.200000 0.000000
0.784314 0.215686 0.000000
0.768627 0.231373 0.000000
0.752941 0.247059 0.000000
0.737255 0.262745 0.000000
0.721569 0.278431 0.000000
0.705882 0.294118 0.000000
0.690196 0.309804 0.000000
0.674510 0.325490 0.000000
0.658824 0.341176 0.000000
0.643137 0.356863 0.000000
0.627451 0.372549 0.000000
0.611765 0.388235 0.000000
0.596078 0.403922 0.000000
0.580392 0.419608 0.000000
0.572549 0.427451 0.000000
0.549020 0.450980 0.000000
0.533333 0.466667 0.000000
0.517647 0.482353 0.000000
0.501961 0.498039 0.000000
0.486275 0.513725 0.000000
0.470588 0.529412 0.000000
0.454902 0.545098 0.000000
0.439216 0.560784 0.000000
0.423529 0.576471 0.000000
0.407843 0.592157 0.000000
0.392157 0.607843 0.000000
0.376471 0.623529 0.000000
0.360784 0.639216 0.000000
0.345098 0.654902 0.000000
0.329412 0.670588 0.000000
0.321569 0.678431 0.000000
0.298039 0.701961 0.000000
0.282353 0.717647 0.000000
0.266667 0.733333 0.000000
0.250980 0.749020 0.000000
0.235294 0.764706 0.000000
0.219608 0.780392 0.000000
0.203922 0.796078 0.000000
0.188235 0.811765 0.000000
0.172549 0.827451 0.000000
0.156863 0.843137 0.000000
0.141176 0.858824 0.000000
0.125490 0.874510 0.000000
0.109804 0.890196 0.000000
0.094118 0.905882 0.000000
0.078431 0.921569 0.000000
0.070588 0.929412 0.000000
0.047059 0.952941 0.000000
0.031373 0.968627 0.000000
0.015686 0.984314 0.000000
0.000000 1.000000 0.000000
